name: recognizer
channels:
  - conda-forge
  - bioconda
  - anaconda
  - defaults
dependencies:
  - _libgcc_mutex=0.1=conda_forge
  - _openmp_mutex=4.5=2_gnu
  - blast=2.13.0=hf3cf87c_0
  - brotlipy=0.7.0=py311hd4cff14_1005
  - bzip2=1.0.8=h7f98852_4
  - c-ares=1.18.1=h7f98852_0
  - ca-certificates=2022.12.7=ha878542_0
  - certifi=2022.12.7=pyhd8ed1ab_0
  - cffi=1.15.1=py311h409f033_3
  - charset-normalizer=3.1.0=pyhd8ed1ab_0
  - colorama=0.4.6=pyhd8ed1ab_0
  - cryptography=40.0.2=py311h9b4c7bb_0
  - curl=7.88.1=hdc1c0ab_1
  - entrez-direct=16.2=he881be0_1
  - et_xmlfile=1.1.0=pyhd8ed1ab_0
  - gettext=0.21.1=h27087fc_0
  - icu=72.1=hcb278e6_0
  - idna=3.4=pyhd8ed1ab_0
  - keyutils=1.6.1=h166bdaf_0
  - krb5=1.20.1=h81ceb04_0
  - krona=2.8.1=pl5321hdfd78af_1
  - ld_impl_linux-64=2.40=h41732ed_0
  - libblas=3.9.0=16_linux64_openblas
  - libcblas=3.9.0=16_linux64_openblas
  - libcurl=7.88.1=hdc1c0ab_1
  - libedit=3.1.20191231=he28a2e2_2
  - libev=4.33=h516909a_1
  - libexpat=2.5.0=hcb278e6_1
  - libffi=3.4.2=h7f98852_5
  - libgcc-ng=12.2.0=h65d4601_19
  - libgfortran-ng=12.2.0=h69a702a_19
  - libgfortran5=12.2.0=h337968e_19
  - libgomp=12.2.0=h65d4601_19
  - libiconv=1.17=h166bdaf_0
  - libidn2=2.3.4=h166bdaf_0
  - liblapack=3.9.0=16_linux64_openblas
  - libnghttp2=1.52.0=h61bc06f_0
  - libnsl=2.0.0=h7f98852_0
  - libopenblas=0.3.21=pthreads_h78a6416_3
  - libsqlite=3.40.0=h753d276_0
  - libssh2=1.10.0=hf14f497_3
  - libstdcxx-ng=12.2.0=h46fd767_19
  - libunistring=0.9.10=h7f98852_0
  - libuuid=2.38.1=h0b41bf4_0
  - libxml2=2.10.4=hfdac1af_0
  - libxslt=1.1.37=h873f0b0_0
  - libzlib=1.2.13=h166bdaf_4
  - lxml=4.9.2=py311h14a6109_0
  - ncurses=6.3=h27087fc_1
  - numpy=1.24.2=py311h8e6699e_0
  - openpyxl=3.1.1=py311h2582759_0
  - openssl=3.1.0=h0b41bf4_0
  - pandas=2.0.0=py311h2872171_0
  - pcre=8.45=h9c3ff4c_0
  - perl=5.32.1=2_h7f98852_perl5
  - perl-archive-tar=2.40=pl5321hdfd78af_0
  - perl-carp=1.50=pl5321hd8ed1ab_0
  - perl-common-sense=3.75=pl5321hd8ed1ab_0
  - perl-compress-raw-bzip2=2.201=pl5321h166bdaf_0
  - perl-compress-raw-zlib=2.202=pl5321h166bdaf_0
  - perl-encode=3.19=pl5321h166bdaf_0
  - perl-exporter=5.74=pl5321hd8ed1ab_0
  - perl-exporter-tiny=1.002002=pl5321hd8ed1ab_0
  - perl-extutils-makemaker=7.70=pl5321hd8ed1ab_0
  - perl-io-compress=2.201=pl5321h87f3376_0
  - perl-io-zlib=1.14=pl5321hdfd78af_0
  - perl-json=4.10=pl5321hdfd78af_0
  - perl-json-xs=2.34=pl5321h9f5acd7_5
  - perl-list-moreutils=0.430=pl5321hdfd78af_0
  - perl-list-moreutils-xs=0.430=pl5321hec16e2b_1
  - perl-parent=0.241=pl5321hd8ed1ab_0
  - perl-pathtools=3.75=pl5321h166bdaf_0
  - perl-scalar-list-utils=1.63=pl5321h166bdaf_0
  - perl-storable=3.15=pl5321h166bdaf_0
  - perl-types-serialiser=1.01=pl5321hdfd78af_0
  - pip=23.1=pyhd8ed1ab_0
  - pycparser=2.21=pyhd8ed1ab_0
  - pyopenssl=23.1.1=pyhd8ed1ab_0
  - pysocks=1.7.1=pyha2e5f31_6
  - python=3.11.3=h2755cc3_0_cpython
  - python-dateutil=2.8.2=pyhd8ed1ab_0
  - python-tzdata=2023.3=pyhd8ed1ab_0
  - python_abi=3.11=3_cp311
  - pytz=2023.3=pyhd8ed1ab_0
  - readline=8.2=h8228510_1
  - recognizer=1.9.4=hdfd78af_0
  - requests=2.28.2=pyhd8ed1ab_1
  - setuptools=67.7.1=pyhd8ed1ab_0
  - six=1.16.0=pyh6c4a22f_0
  - tk=8.6.12=h27826a3_0
  - tqdm=4.65.0=pyhd8ed1ab_1
  - tzdata=2023c=h71feb2d_0
  - urllib3=1.26.15=pyhd8ed1ab_0
  - wget=1.20.3=ha35d2d1_1
  - wheel=0.40.0=pyhd8ed1ab_0
  - xlsxwriter=3.0.9=pyhd8ed1ab_0
  - xz=5.2.6=h166bdaf_0
  - zlib=1.2.13=h166bdaf_4
  - zstd=1.5.2=h3eb15da_6
prefix: /opt/conda/envs/recognizer
